21  21
1   0.7788007831   0.3678794412   0.1053992246   0.01831563889   0.001930454136   0.0001234098041   4.785117392e-006   1.125351747e-007   1.605228055e-009   1.388794386e-011   7.287724096e-014   2.31952283e-016   4.477732442e-019   5.242885663e-022   3.723363122e-025   1.603810891e-028   4.190093194e-032   6.6396772e-036   6.381503448e-040   3.720075976e-044   
0.7788007831   0.6065306597   0.2865047969   0.08208499862   0.01426423391   0.001503439193   9.611165206e-005   3.726653172e-006   8.764248219e-008   1.250152866e-009   1.081594156e-011   5.675685233e-014   1.806446197e-016   3.487261532e-019   4.08316346e-022   2.899758115e-025   1.249049177e-028   3.263247861e-032   5.170985802e-036   4.969919883e-040   2.897198083e-044   
0.3678794412   0.2865047969   0.1353352832   0.03877420783   0.006737946999   0.0007101743888   4.539992976e-005   1.760346312e-006   4.139937719e-008   5.905303999e-010   5.109089028e-012   2.681003868e-014   8.533047626e-017   1.647265708e-019   1.928749848e-022   1.369748745e-025   5.900090542e-029   1.541449143e-032   2.442600738e-036   2.347623922e-040   1.368539471e-044   
0.1053992246   0.08208499862   0.03877420783   0.01110899654   0.001930454136   0.000203468369   1.300729765e-005   5.043476626e-007   1.186112015e-008   1.691897923e-010   1.463778514e-012   7.681204685e-015   2.444759077e-017   4.719495272e-020   5.525960834e-023   3.924395858e-026   1.690404242e-029   4.416325735e-033   6.998168282e-037   6.72605515e-041   3.920931232e-045   
0.01831563889   0.01426423391   0.006737946999   0.001930454136   0.0003354626279   3.535750085e-005   2.260329407e-006   8.764248219e-008   2.061153622e-009   2.940077739e-011   2.543665647e-013   1.334793229e-015   4.248354255e-018   8.201253044e-021   9.602680055e-024   6.819577439e-027   2.937482112e-030   7.674423386e-034   1.216099299e-037   1.168813127e-041   6.813556822e-046   
0.001930454136   0.001503439193   0.0007101743888   0.000203468369   3.535750085e-005   3.726653172e-006   2.382369668e-007   9.237449662e-009   2.172439935e-010   3.098819139e-012   2.681003868e-014   1.406861712e-016   4.477732442e-019   8.644057113e-022   1.012115031e-024   7.187781739e-028   3.096083367e-031   8.088782738e-035   1.281759231e-038   1.231919973e-042   7.181436055e-047   
0.0001234098041   9.611165206e-005   4.539992976e-005   1.300729765e-005   2.260329407e-006   2.382369668e-007   1.522997974e-008   5.905303999e-010   1.388794386e-011   1.981008798e-013   1.713908432e-015   8.993766029e-018   2.862518581e-020   5.525960834e-023   6.470234926e-026   4.594995134e-029   1.979259878e-032   5.170985802e-036   8.194012624e-040   7.875400903e-044   4.590938474e-048   
4.785117392e-006   3.726653172e-006   1.760346312e-006   5.043476626e-007   8.764248219e-008   9.237449662e-009   5.905303999e-010   2.289734846e-011   5.384940218e-013   7.681204685e-015   6.645544173e-017   3.487261532e-019   1.109918904e-021   2.142647538e-024   2.508782337e-027   1.781672963e-030   7.674423386e-034   2.005008782e-037   3.177163485e-041   3.053624314e-045   1.780100025e-049   
1.125351747e-007   8.764248219e-008   4.139937719e-008   1.186112015e-008   2.061153622e-009   2.172439935e-010   1.388794386e-011   5.384940218e-013   1.266416555e-014   1.806446197e-016   1.562882189e-018   8.201253044e-021   2.61027907e-023   5.039024027e-026   5.900090542e-029   4.190093194e-032   1.804851388e-035   4.715328697e-039   7.471972337e-043   7.181436055e-047   4.186393999e-051   
1.605228055e-009   1.250152866e-009   5.905303999e-010   1.691897923e-010   2.940077739e-011   3.098819139e-012   1.981008798e-013   7.681204685e-015   1.806446197e-016   2.576757109e-018   2.229331712e-020   1.169845918e-022   3.723363122e-025   7.187781739e-028   8.416027157e-031   5.976846943e-034   2.574482237e-037   6.72605515e-041   1.065819612e-044   1.024376837e-048   5.971570324e-053   
1.388794386e-011   1.081594156e-011   5.109089028e-012   1.463778514e-012   2.543665647e-013   2.681003868e-014   1.713908432e-015   6.645544173e-017   1.562882189e-018   2.229331712e-020   1.928749848e-022   1.012115031e-024   3.221340286e-027   6.218649679e-030   7.281290178e-033   5.170985802e-036   2.227363562e-039   5.819177907e-043   9.221146423e-047   8.862596166e-051   5.166420633e-055   
7.287724096e-014   5.675685233e-014   2.681003868e-014   7.681204685e-015   1.334793229e-015   1.406861712e-016   8.993766029e-018   3.487261532e-019   8.201253044e-021   1.169845918e-022   1.012115031e-024   5.31109225e-027   1.690404242e-029   3.263247861e-032   3.820870418e-035   2.713484314e-038   1.168813127e-041   3.053624314e-045   4.838813552e-049   4.650663645e-053   2.711088733e-057   
2.31952283e-016   1.806446197e-016   8.533047626e-017   2.444759077e-017   4.248354255e-018   4.477732442e-019   2.862518581e-020   1.109918904e-021   2.61027907e-023   3.723363122e-025   3.221340286e-027   1.690404242e-029   5.38018616e-032   1.038620263e-034   1.216099299e-037   8.636425766e-041   3.720075976e-044   9.719016825e-048   1.540088285e-051   1.480204294e-055   8.628801157e-060   
4.477732442e-019   3.487261532e-019   1.647265708e-019   4.719495272e-020   8.201253044e-021   8.644057113e-022   5.525960834e-023   2.142647538e-024   5.039024027e-026   7.187781739e-028   6.218649679e-030   3.263247861e-032   1.038620263e-034   2.005008782e-037   2.347623922e-040   1.667222384e-043   7.181436055e-047   1.876211623e-050   2.9730698e-054   2.857466502e-058   1.665750488e-062   
5.242885663e-022   4.08316346e-022   1.928749848e-022   5.525960834e-023   9.602680055e-024   1.012115031e-024   6.470234926e-026   2.508782337e-027   5.900090542e-029   8.416027157e-031   7.281290178e-033   3.820870418e-035   1.216099299e-037   2.347623922e-040   2.748785008e-043   1.952116713e-046   8.408597125e-050   2.196817954e-053   3.48110684e-057   3.345749294e-061   1.9503933e-065   
3.723363122e-025   2.899758115e-025   1.369748745e-025   3.924395858e-026   6.819577439e-027   7.187781739e-028   4.594995134e-029   1.781672963e-030   4.190093194e-032   5.976846943e-034   5.170985802e-036   2.713484314e-038   8.636425766e-041   1.667222384e-043   1.952116713e-046   1.386343294e-049   5.971570324e-053   1.560123848e-056   2.472192923e-060   2.37606546e-064   1.38511937e-068   
1.603810891e-028   1.249049177e-028   5.900090542e-029   1.690404242e-029   2.937482112e-030   3.096083367e-031   1.979259878e-032   7.674423386e-034   1.804851388e-035   2.574482237e-037   2.227363562e-039   1.168813127e-041   3.720075976e-044   7.181436055e-047   8.408597125e-050   5.971570324e-053   2.572209373e-056   6.720117098e-060   1.06487866e-063   1.023472473e-067   5.966298364e-072   
4.190093194e-032   3.263247861e-032   1.541449143e-032   4.416325735e-033   7.674423386e-034   8.088782738e-035   5.170985802e-036   2.005008782e-037   4.715328697e-039   6.72605515e-041   5.819177907e-043   3.053624314e-045   9.719016825e-048   1.876211623e-050   2.196817954e-053   1.560123848e-056   6.720117098e-060   1.755688098e-063   2.782086625e-067   2.673909417e-071   1.558746503e-075   
6.6396772e-036   5.170985802e-036   2.442600738e-036   6.998168282e-037   1.216099299e-037   1.281759231e-038   8.194012624e-040   3.177163485e-041   7.471972337e-043   1.065819612e-044   9.221146423e-047   4.838813552e-049   1.540088285e-051   2.9730698e-054   3.48110684e-057   2.472192923e-060   1.06487866e-063   2.782086625e-067   4.408531331e-071   4.237112294e-075   2.470010364e-079   
6.381503448e-040   4.969919883e-040   2.347623922e-040   6.72605515e-041   1.168813127e-041   1.231919973e-042   7.875400903e-044   3.053624314e-045   7.181436055e-047   1.024376837e-048   8.862596166e-051   4.650663645e-053   1.480204294e-055   2.857466502e-058   3.345749294e-061   2.37606546e-064   1.023472473e-067   2.673909417e-071   4.237112294e-075   4.072358626e-079   2.373967767e-083   
3.720075976e-044   2.897198083e-044   1.368539471e-044   3.920931232e-045   6.813556822e-046   7.181436055e-047   4.590938474e-048   1.780100025e-049   4.186393999e-051   5.971570324e-053   5.166420633e-055   2.711088733e-057   8.628801157e-060   1.665750488e-062   1.9503933e-065   1.38511937e-068   5.966298364e-072   1.558746503e-075   2.470010364e-079   2.373967767e-083   1.383896527e-087   
