21  21
-0.1096628747   -0.1114355676   -0.1141946822   -0.1174830557   -0.1217683334   -0.1272348699   -0.1337935194   -0.1413270586   -0.1497344383   -0.1589200642   -0.168789488   -0.1792523688   -0.1902255825   -0.2016307835   -0.2133754595   -0.2252894271   -0.2369502338   -0.2472420085   -0.2535337827   -0.2515805849   -0.2416926062   
-0.1114355676   -0.113001524   -0.1154591054   -0.1186114062   -0.1228655388   -0.1283111891   -0.1348405045   -0.1423385177   -0.1507070569   -0.1598522465   -0.1696808634   -0.1801035181   -0.1910376406   -0.2024045822   -0.2141091317   -0.2259704519   -0.2375267635   -0.2475241779   -0.2529089524   -0.2485411366   -0.2347289932   
-0.1141946822   -0.1154591054   -0.1176333252   -0.1207518335   -0.1250241431   -0.1304478619   -0.1369234223   -0.1443522962   -0.1526444497   -0.1617098614   -0.171457827   -0.1818008553   -0.1926574255   -0.2039480783   -0.215571466   -0.2273225858   -0.2386493131   -0.2479726493   -0.2511999848   -0.2408331736   -0.2168368115   
-0.1174830557   -0.1186114062   -0.1207518335   -0.1239424068   -0.1282450072   -0.1336295635   -0.140024087   -0.1473514172   -0.1555316035   -0.1644798345   -0.1741090743   -0.1843346086   -0.1950763024   -0.2062528688   -0.2177515919   -0.2293229576   -0.240245822   -0.2483122636   -0.2472994427   -0.2244073727   -0.1780095029   
-0.1217683334   -0.1228655388   -0.1250241431   -0.1282450072   -0.1325264476   -0.1378348254   -0.144117559   -0.1513122086   -0.1593471866   -0.1681433101   -0.1776181081   -0.1876903432   -0.1982812442   -0.2093056142   -0.2206304618   -0.2319276719   -0.2421739925   -0.2480017922   -0.2390283838   -0.1912264926   -0.09951961283   
-0.1272348699   -0.1283111891   -0.1304478619   -0.1336295635   -0.1378348254   -0.1430302309   -0.1491717209   -0.1562046795   -0.1640638592   -0.1726758281   -0.1819633003   -0.191848859   -0.2022543372   -0.2130863798   -0.2241753708   -0.2350530888   -0.2441556043   -0.2460042742   -0.222387995   -0.1277735527   0.03971807986   
-0.1337935194   -0.1348405045   -0.1369234223   -0.140024087   -0.144117559   -0.1491717209   -0.1551463731   -0.161991624   -0.1696476534   -0.1780468944   -0.1871175038   -0.1967855968   -0.2069713789   -0.2175645868   -0.2283271132   -0.2385324141   -0.2456242899   -0.2402725445   -0.1902820383   -0.01705597051   0.2315120928   
-0.1413270586   -0.1423385177   -0.1443522962   -0.1473514172   -0.1513122086   -0.1562046795   -0.161991624   -0.1686272569   -0.176057043   -0.1842192801   -0.1930472827   -0.2024692519   -0.2123984425   -0.2226891299   -0.2329690371   -0.2420125352   -0.2453664631   -0.226550074   -0.1302023079   0.1479435296   0.422430487   
-0.1497344383   -0.1507070569   -0.1526444497   -0.1555316035   -0.1593471866   -0.1640638592   -0.1696476534   -0.176057043   -0.1832427591   -0.1911485839   -0.1997117385   -0.2088586514   -0.2184832739   -0.228363241   -0.2378490283   -0.2446996345   -0.2406748114   -0.1957857732   -0.02090896385   0.3402132403   0.568800564   
-0.1589200642   -0.1598522465   -0.1617098614   -0.1644798345   -0.1681433101   -0.1726758281   -0.1780468944   -0.1842192801   -0.1911485839   -0.1987828223   -0.2070597683   -0.2158944832   -0.2251320487   -0.2343769916   -0.2423727954   -0.2447012924   -0.2253291384   -0.1299281296   0.1576790379   0.5121104008   0.6666997583   
-0.168789488   -0.1696808634   -0.171457827   -0.1741090743   -0.1776181081   -0.1819633003   -0.1871175038   -0.1930472827   -0.1997117385   -0.2070597683   -0.215020996   -0.2234745467   -0.2321421454   -0.2402162607   -0.2450330631   -0.2372824579   -0.1848062353   0.002352678885   0.3755343874   0.6382331527   0.729820153   
-0.1792523688   -0.1801035181   -0.1818008553   -0.1843346086   -0.1876903432   -0.191848859   -0.1967855968   -0.2024692519   -0.2088586514   -0.2158944832   -0.2234745467   -0.2313755677   -0.2389972719   -0.2444956806   -0.2417814847   -0.2103916282   -0.08835620848   0.2245381617   0.5621704324   0.7206952607   0.7718811123   
-0.1902255825   -0.1910376406   -0.1926574255   -0.1950763024   -0.1982812442   -0.2022543372   -0.2069713789   -0.2123984425   -0.2184832739   -0.2251320487   -0.2321421454   -0.2389972719   -0.2442160508   -0.2432158905   -0.2213628038   -0.134424512   0.1099393853   0.4691737594   0.6867488497   0.773077317   0.802379459   
-0.2016307835   -0.2024045822   -0.2039480783   -0.2062528688   -0.2093056142   -0.2130863798   -0.2175645868   -0.2226891299   -0.228363241   -0.2343769916   -0.2402162607   -0.2444956806   -0.2432158905   -0.2244089389   -0.1534930598   0.04594659516   0.3887664617   0.6453003369   0.760663032   0.8083689985   0.826968065   
-0.2133754595   -0.2141091317   -0.215571466   -0.2177515919   -0.2206304618   -0.2241753708   -0.2283271132   -0.2329690371   -0.2378490283   -0.2423727954   -0.2450330631   -0.2417814847   -0.2213628038   -0.1534930598   0.02600914386   0.3436674953   0.6118573631   0.7454833335   0.8053576316   0.8351299975   0.8486619195   
-0.2252894271   -0.2259704519   -0.2273225858   -0.2293229576   -0.2319276719   -0.2350530888   -0.2385324141   -0.2420125352   -0.2446996345   -0.2447012924   -0.2372824579   -0.2103916282   -0.134424512   0.04594659516   0.3436674953   0.5990764805   0.7355245569   0.800597707   0.8361427016   0.8579135104   0.8688990437   
-0.2369502338   -0.2375267635   -0.2386493131   -0.240245822   -0.2421739925   -0.2441556043   -0.2456242899   -0.2453664631   -0.2406748114   -0.2253291384   -0.1848062353   -0.08835620848   0.1099393853   0.3887664617   0.6118573631   0.7355245569   0.798509435   0.8352773247   0.8608074013   0.8787218111   0.8882341805   
-0.2472420085   -0.2475241779   -0.2479726493   -0.2483122636   -0.2480017922   -0.2460042742   -0.2402725445   -0.226550074   -0.1957857732   -0.1299281296   0.002352678885   0.2245381617   0.4691737594   0.6453003369   0.7454833335   0.800597707   0.8352773247   0.8612869369   0.8823399014   0.8980809304   0.9066298731   
-0.2535337827   -0.2529089524   -0.2511999848   -0.2472994427   -0.2390283838   -0.222387995   -0.1902820383   -0.1302023079   -0.02090896385   0.1576790379   0.3755343874   0.5621704324   0.6867488497   0.760663032   0.8053576316   0.8361427016   0.8608074013   0.8823399014   0.9010250803   0.915425676   0.9233653821   
-0.2515805849   -0.2485411366   -0.2408331736   -0.2244073727   -0.1912264926   -0.1277735527   -0.01705597051   0.1479435296   0.3402132403   0.5121104008   0.6382331527   0.7206952607   0.773077317   0.8083689985   0.8351299975   0.8579135104   0.8787218111   0.8980809304   0.915425676   0.9290893256   0.9367474342   
-0.2416926062   -0.2347289932   -0.2168368115   -0.1780095029   -0.09951961283   0.03971807986   0.2315120928   0.422430487   0.568800564   0.6666997583   0.729820153   0.7718811123   0.802379459   0.826968065   0.8486619195   0.8688990437   0.8882341805   0.9066298731   0.9233653821   0.9367474342   0.9443398363   
