51 11
1 1 1 1 1 1 1 1 1 1 1 1 1 1 1 1 1 1 1 1 1 1 1 1 1 0 0 0 0 0 0 0 0 0 0 0 0 0 0 0 0 0 0 0 0 0 0 0 0 0 0 
1 0.9797801107 0.9593984623 0.9386920015 0.9174950768 0.8956381127 0.8729462535 0.8492379643 0.8243235788 0.798003782 0.7700680154 0.740292793 0.7084399129 0.6742545521 0.6374632277 0.5977716091 0.5548621634 0.508391615 0.4579881996 0.4032486897 0.3437351694 0.2789715304 0.2084396636 0.1315753142 0.04776356723 0.9563339288 0.8725549619 0.7957564346 0.7253239588 0.6606940747 0.6013497432 0.5468162096 0.4966572057 0.4504714594 0.4078894848 0.3685706261 0.3322003325 0.2984876414 0.2671628515 0.2379753644 0.2106916803 0.1850935295 0.160976127 0.1381465335 0.1164221123 0.09562906802 0.07560105625 0.05617785293 0.03720407244 0.01852792452 0 
1 0.9749777345 0.9500788091 0.9254301388 0.9011658376 0.8774309419 0.8543852839 0.8322075681 0.8110997054 0.7912914631 0.773045492 0.7566627965 0.7424887188 0.7309195122 0.7224095889 0.7174795306 0.7167249629 0.7208264002 0.7305601829 0.7468106359 0.7705835949 0.8030214599 0.8454199522 0.8992467694 0.9661623558 0.04804302398 0.1150066935 0.1689295371 0.2114717141 0.2441004815 0.2681109475 0.2846447052 0.2947065612 0.2991795544 0.2988384406 0.2943618027 0.2863429291 0.2752995937 0.2616828527 0.245884969 0.2282465591 0.2090630549 0.1885905586 0.1670511688 0.1446378437 0.1215188677 0.09784197743 0.07373820612 0.04932549482 0.02471212232 0 
1 0.9846166373 0.9691870457 0.953660065 0.9379745545 0.9220541084 0.9058014098 0.889092098 0.8717680094 0.8536296467 0.8344277184 0.8138535722 0.7915283345 0.7669905426 0.7396820357 0.7089318433 0.6739377789 0.6337454119 0.5872240516 0.5330393321 0.469621936 0.3951319407 0.3074182019 0.2039721242 0.08187508022 0.9377386562 0.815636796 0.7121808024 0.6244514856 0.5499394166 0.4864923604 0.4322690638 0.3856986638 0.3454450634 0.310375694 0.2795341469 0.2521162141 0.2274489295 0.2049722451 0.1842230187 0.1648210227 0.1464567168 0.1288805523 0.1118936012 0.09533932485 0.07909631136 0.06307183158 0.0471960717 0.03141691475 0.01569515035 0 
1 0.9766527859 0.9532880898 0.9298935912 0.9064674906 0.8830242692 0.8596010614 0.8362648641 0.8131208258 0.790321884 0.7680800458 0.7466796441 0.7264929424 0.7079985118 0.69180286 0.6786658603 0.6695306047 0.6655583943 0.668169681 0.6790918921 0.7004152001 0.7346574536 0.7848396545 0.854573566 0.9481632554 0.07072263014 0.1643113129 0.2340435252 0.2842239625 0.3184653318 0.3397898956 0.3507170801 0.3533389521 0.3493851468 0.3402786311 0.3271835167 0.311045983 0.2926292392 0.2725433376 0.2512705469 0.2291869059 0.2065805019 0.1836669468 0.1606024694 0.1374949883 0.1144134896 0.09139599458 0.06845637298 0.04559023087 0.02278008272 0 
1 0.9819875521 0.9640352643 0.9461987563 0.9285242918 0.9110434024 0.8937666525 0.8766762168 0.859716913 0.8427852813 0.8257162533 0.8082668784 0.7900965013 0.7707426816 0.7495920365 0.7258450527 0.6984737583 0.666170964 0.6272895731 0.579770217 0.5210551905 0.4479863385 0.3566841701 0.2424050473 0.09937279846 0.9205805406 0.777557838 0.663297578 0.5720231255 0.4989901343 0.440318147 0.3928477651 0.3540197411 0.3217728407 0.2944577522 0.2707646954 0.2496627075 0.2303488633 0.2122059339 0.1947671944 0.1776872784 0.1607181284 0.1436892305 0.1264914332 0.1090637513 0.09138263708 0.07345327233 0.05530249241 0.03697300195 0.0185185797 0 
1 0.9790653702 0.958047203 0.9368653514 0.9154467891 0.8937300316 0.8716706277 0.8492481414 0.8264750986 0.8034084491 0.7801641814 0.7569358439 0.7340178604 0.7118346903 0.6909770818 0.6722468922 0.656712228 0.6457749714 0.6412531435 0.6454809894 0.6614301918 0.6928562198 0.7444745232 0.8221721038 0.933260947 0.08678090429 0.1978609093 0.2755408962 0.3271330222 0.3585245661 0.3744313815 0.3786094974 0.3740313493 0.3630321704 0.3474312543 0.3286320944 0.3077048049 0.2854537084 0.262472536 0.2391893064 0.2159026302 0.1928109108 0.1700356817 0.1476401235 0.1256436394 0.1040332267 0.08277226933 0.06180727908 0.04107303765 0.02049652831 0 
1 0.98017049 0.9604333584 0.9408790004 0.9215934623 0.9026552928 0.8841311717 0.8660698175 0.8484935931 0.8313871234 0.8146821013 0.7982372923 0.781812541 0.7650353336 0.7473581699 0.7280046359 0.7059016385 0.6795947487 0.6471429885 0.6059886733 0.5527970629 0.4832595621 0.3918530125 0.2715462136 0.1134431451 0.9063504199 0.7482542032 0.6279611511 0.5365753218 0.467065613 0.4139089611 0.3727968293 0.3403944602 0.3141440267 0.2921042254 0.2728200515 0.2552175109 0.238518879 0.2221748444 0.2058104855 0.1891825425 0.172145882 0.1546274111 0.136606003 0.1180972479 0.09914205021 0.07979826785 0.06013472634 0.04022705558 0.02015488488 0 
1 0.980338313 0.96058559 0.9406513114 0.9204463913 0.8998849261 0.8788872495 0.8573848547 0.8353278504 0.8126957654 0.789512702 0.7658680702 0.741944427 0.718054295 0.6946882709 0.672577258 0.6527722895 0.6367461785 0.6265221495 0.6248357087 0.6353373393 0.6628451826 0.7136587596 0.795947032 0.9202267804 0.09995045462 0.2242264207 0.3065069999 0.3573087231 0.3848001929 0.3952804825 0.3935672242 0.3833103664 0.3672449001 0.3473936087 0.3252290049 0.3018020395 0.2778438416 0.2538456461 0.2301211414 0.2068547059 0.1841383653 0.1619997749 0.1404231006 0.1193643102 0.09876209875 0.07854543242 0.05863850256 0.03896373215 0.01944335511 0 
1 0.9793462603 0.95877562 0.9383720557 0.9182208987 0.898408483 0.8790204671 0.8601382352 0.8418326398 0.8241541634 0.8071183326 0.7906849152 0.774729044 0.7590019386 0.7430783063 0.7262867831 0.7076188919 0.6856109158 0.6581917758 0.6224884044 0.5745781833 0.5091756762 0.4192380793 0.2954704217 0.1257074751 0.8941444483 0.7243826816 0.6006175517 0.5106841624 0.44528803 0.3973869804 0.3616963307 0.3342943135 0.3123087762 0.2936695751 0.2769138941 0.2610340538 0.2453593022 0.2294646718 0.2131013028 0.1961437059 0.1785503262 0.1603344918 0.1415434192 0.1222434252 0.1025098851 0.08242078227 0.06205294573 0.04148026528 0.02077332373 0 
1 0.9808251641 0.9615790599 0.9421883073 0.9225756774 0.9026591445 0.882352217 0.8615661596 0.840214889 0.8182235574 0.7955421354 0.7721656904 0.7481635454 0.7237201106 0.6991909481 0.6751785775 0.6526337095 0.6329890448 0.6183345691 0.611645467 0.6170764712 0.6403397477 0.6891874265 0.774024761 0.9086858191 0.1114107841 0.2460726197 0.3309113379 0.3797606659 0.4030253491 0.4084568479 0.4017665058 0.3871080927 0.3674557098 0.3448981663 0.3208669313 0.2963114799 0.2718331593 0.2477865083 0.2243551706 0.2016080917 0.1795405108 0.1581033059 0.1372234899 0.1168180358 0.09680272465 0.077097319 0.05762805932 0.03832824447 0.01913747453 0 
