11  11
0.0004596750847   0.0004897122319   0.0007458914062   0.001004237766   0.001094680793   0.0006382078341   -0.000929233089   -0.004281598914   -0.009949411253   -0.01751239602   -0.02386226774   
0.0004897122319   0.0006045908723   0.0008374503891   0.001058294662   0.001081114281   0.0005212729977   -0.001183561636   -0.004694554934   -0.01051693495   -0.01820081492   -0.02460452133   
0.0007458914062   0.0008374503891   0.0009995951958   0.001135377232   0.00101226801   0.0002357359003   -0.001749120675   -0.005575750161   -0.0117003135   -0.0196167635   -0.02612097464   
0.001004237766   0.001058294662   0.001135377232   0.001127138679   0.0007702873258   -0.0003448281591   -0.002753330366   -0.007042625199   -0.01359902392   -0.02183928934   -0.02847589892   
0.001094680793   0.001081114281   0.00101226801   0.0007702873258   8.489455905e-005   -0.001473427115   -0.004423406557   -0.009289261725   -0.01636980972   -0.0249895725   -0.0317673641   
0.0006382078341   0.0005212729977   0.0002357359003   -0.0003448281591   -0.001473427115   -0.003561864691   -0.007114554079   -0.01260239884   -0.02023404529   -0.02923388601   -0.03612983626   
-0.000929233089   -0.001183561636   -0.001749120675   -0.002753330366   -0.004423406557   -0.007114554079   -0.0112811601   -0.01735248562   -0.02547387403   -0.03478028913   -0.04173256821   
-0.004281598914   -0.004694554934   -0.005575750161   -0.007042625199   -0.009289261725   -0.01260239884   -0.01735248562   -0.02390846261   -0.03237671137   -0.04183737968   -0.048747033   
-0.009949411253   -0.01051693495   -0.0117003135   -0.01359902392   -0.01636980972   -0.02023404529   -0.02547387403   -0.03237671137   -0.04100295484   -0.05041548123   -0.05717541081   
-0.01751239602   -0.01820081492   -0.0196167635   -0.02183928934   -0.0249895725   -0.02923388601   -0.03478028913   -0.04183737968   -0.05041548123   -0.05960799358   -0.06619119768   
-0.02386226774   -0.02460452133   -0.02612097464   -0.02847589892   -0.0317673641   -0.03612983626   -0.04173256821   -0.048747033   -0.05717541081   -0.06619119768   -0.07274941628   
