11  11
-0.2713229412   -0.2711373777   -0.1937116823   0.5528989053   0.8051306835   0.8871370045   0.8632034259   0.2008437815   0.02576002024   0.003089993089   0.0004116753627   
-0.2711373777   -0.2480447346   -0.01103667405   0.6530061058   0.8269775678   0.8921337537   0.8198586126   0.1645457443   0.02073393903   0.002490746724   0.0003336355051   
-0.1937116823   -0.01103667405   0.5264754806   0.7678882501   0.859504595   0.8955839854   0.6556957108   0.1060487994   0.01319125192   0.001603740132   0.0002177624219   
0.5528989053   0.6530061058   0.7678882501   0.8410319709   0.8916319994   0.8797182763   0.3594285766   0.05190466301   0.006560284912   0.000815529992   0.0001130770363   
0.8051306835   0.8269775678   0.859504595   0.8916319994   0.8929667467   0.6908582299   0.1381330229   0.01897484477   0.002473374925   0.0003194742385   4.611187523e-005   
0.8871370045   0.8921337537   0.8955839854   0.8797182763   0.6908582299   0.2008020846   0.03378147683   0.004993002546   0.000706834492   9.797893293e-005   1.509379934e-005   
0.8632034259   0.8198586126   0.6556957108   0.3594285766   0.1381330229   0.03378147683   0.006342842532   0.001059104795   0.0001658593113   2.499248871e-005   4.157393102e-006   
0.2008437815   0.1645457443   0.1060487994   0.05190466301   0.01897484477   0.004993002546   0.001059104795   0.0001979470882   3.413242288e-005   5.587509095e-006   1.00557074e-006   
0.02576002024   0.02073393903   0.01319125192   0.006560284912   0.002473374925   0.000706834492   0.0001658593113   3.413242288e-005   6.41770249e-006   1.135423548e-006   2.205539665e-007   
0.003089993089   0.002490746724   0.001603740132   0.000815529992   0.0003194742385   9.797893293e-005   2.499248871e-005   5.587509095e-006   1.135423548e-006   2.159320328e-007   4.513724926e-008   
0.0004116753627   0.0003336355051   0.0002177624219   0.0001130770363   4.611187523e-005   1.509379934e-005   4.157393102e-006   1.00557074e-006   2.205539665e-007   4.513724926e-008   1.018604456e-008   
