21  21
-0.04858421375   -0.04986807386   -0.05188209735   -0.05431176587   -0.05751280535   -0.06164420587   -0.06666874829   -0.07252542244   -0.07915959653   -0.08651435141   -0.0945271811   -0.1031329904   -0.1122683931   -0.1218739692   -0.1318902501   -0.1422404832   -0.1527919303   -0.1632705855   -0.1730959217   -0.181169504   -0.1858692042   
-0.04986807386   -0.05100748469   -0.05281081442   -0.05514975061   -0.05833714983   -0.06246352239   -0.06747726673   -0.07331823006   -0.07993333295   -0.08726657943   -0.09525621728   -0.1038378911   -0.1129488928   -0.1225303362   -0.1325230788   -0.1428505233   -0.1533798902   -0.1638367909   -0.1736402269   -0.1816924892   -0.1863766987   
-0.05188209735   -0.05281081442   -0.05442030265   -0.0567484104   -0.05996609868   -0.06409613228   -0.06909104725   -0.07490114932   -0.08147827683   -0.08876862491   -0.09671201719   -0.1052455866   -0.1143079731   -0.1238413446   -0.1337872016   -0.1440692488   -0.1545546078   -0.1649681114   -0.1747278139   -0.1827374776   -0.187390784   
-0.05431176587   -0.05514975061   -0.0567484104   -0.05914809278   -0.0624123529   -0.06654161552   -0.0715059597   -0.0772693186   -0.08378952447   -0.09101571712   -0.09889004238   -0.1073518511   -0.1163417734   -0.1258035196   -0.1356795274   -0.1458939313   -0.1563136626   -0.1666623536   -0.1763566285   -0.1843025075   -0.1889096693   
-0.05751280535   -0.05833714983   -0.05996609868   -0.0624123529   -0.06569162386   -0.06979906813   -0.07471626089   -0.08041572003   -0.08685977174   -0.09400062905   -0.1017833679   -0.110150222   -0.1190443904   -0.1284115546   -0.1381953439   -0.1483204165   -0.1586533742   -0.16891619   -0.1785235665   -0.1863846406   -0.1909307064   
-0.06164420587   -0.06246352239   -0.06409613228   -0.06654161552   -0.06979906813   -0.07386110329   -0.07871287462   -0.08433033144   -0.09067865823   -0.09771313448   -0.105382251   -0.1136316705   -0.1224076315   -0.1316581279   -0.141328181   -0.1513430212   -0.1615687236   -0.1717251001   -0.1812244382   -0.1889799628   -0.1934504314   
-0.06666874829   -0.06747726673   -0.06909104725   -0.0715059597   -0.07471626089   -0.07871287462   -0.08348115983   -0.08899819157   -0.09523130022   -0.1021389315   -0.1096733507   -0.1177840382   -0.1264206072   -0.1355336071   -0.1450695943   -0.1549543708   -0.1650532299   -0.1750832794   -0.1844539113   -0.1920835799   -0.1964646119   
-0.07252542244   -0.07331823006   -0.07490114932   -0.0772693186   -0.08041572003   -0.08433033144   -0.08899819157   -0.09439713081   -0.1004966169   -0.1072584361   -0.1146388545   -0.1225913987   -0.1310692602   -0.140025699   -0.1494089013   -0.1591451971   -0.1690987932   -0.1789835203   -0.1882054348   -0.1956896105   -0.1999682906   
-0.07915959653   -0.07993333295   -0.08147827683   -0.08378952447   -0.08685977174   -0.09067865823   -0.09523130022   -0.1004966169   -0.1064464634   -0.1130461214   -0.1202559587   -0.1280336382   -0.1363360227   -0.1451191679   -0.1543329481   -0.1639041429   -0.1736955313   -0.1834170794   -0.192471151   -0.1997911728   -0.2039558119   
-0.08651435141   -0.08726657943   -0.08876862491   -0.09101571712   -0.09400062905   -0.09771313448   -0.1021389315   -0.1072584361   -0.1130461214   -0.1194708368   -0.1264970413   -0.1340865147   -0.1421997947   -0.150795762   -0.1598260036   -0.1692176377   -0.1788316452   -0.1883735456   -0.1972417908   -0.204380348   -0.2084207923   
-0.0945271811   -0.09525621728   -0.09671201719   -0.09889004238   -0.1017833679   -0.105382251   -0.1096733507   -0.1146388545   -0.1202559587   -0.1264970413   -0.1333305437   -0.1407222547   -0.1486363164   -0.1570344125   -0.1658698258   -0.1750698623   -0.1844933052   -0.1938406707   -0.2025064914   -0.209448026   -0.2133559241   
-0.1031329904   -0.1038378911   -0.1052455866   -0.1073518511   -0.110150222   -0.1136316705   -0.1177840382   -0.1225913987   -0.1280336382   -0.1340865147   -0.1407222547   -0.1479104705   -0.1556187732   -0.1638115713   -0.1724437708   -0.1814426576   -0.190664381   -0.1998039461   -0.2082522691   -0.2149833097   -0.2187522633   
-0.1122683931   -0.1129488928   -0.1143079731   -0.1163417734   -0.1190443904   -0.1224076315   -0.1264206072   -0.1310692602   -0.1363360227   -0.1421997947   -0.1486363164   -0.1556187732   -0.1631180461   -0.171101126   -0.1795243888   -0.1883148055   -0.1973253953   -0.20624522   -0.2144623218   -0.2209715091   -0.2245969528   
-0.1218739692   -0.1225303362   -0.1238413446   -0.1258035196   -0.1284115546   -0.1316581279   -0.1355336071   -0.140025699   -0.1451191679   -0.150795762   -0.1570344125   -0.1638115713   -0.171101126   -0.178872419   -0.187083021   -0.1956591437   -0.2044500528   -0.2131384877   -0.221110927   -0.227388003   -0.2308662968   
-0.1318902501   -0.1325230788   -0.1337872016   -0.1356795274   -0.1381953439   -0.141328181   -0.1450695943   -0.1494089013   -0.1543329481   -0.1598260036   -0.1658698258   -0.1724437708   -0.1795243888   -0.187083021   -0.1950779686   -0.2034339608   -0.2119955314   -0.2204384836   -0.2281494273   -0.2341807582   -0.2375054898   
-0.1422404832   -0.1428505233   -0.1440692488   -0.1458939313   -0.1483204165   -0.1513430212   -0.1549543708   -0.1591451971   -0.1639041429   -0.1692176377   -0.1750698623   -0.1814426576   -0.1883148055   -0.1956591437   -0.2034339608   -0.211561231   -0.2198787373   -0.2280531106   -0.2354713129   -0.241224136   -0.2443723494   
-0.1527919303   -0.1533798902   -0.1545546078   -0.1563136626   -0.1586533742   -0.1615687236   -0.1650532299   -0.1690987932   -0.1736955313   -0.1788316452   -0.1844933052   -0.190664381   -0.1973253953   -0.2044500528   -0.2119955314   -0.2198787373   -0.2279258509   -0.2357858026   -0.2428365153   -0.2482101805   -0.2510952796   
-0.1632705855   -0.1638367909   -0.1649681114   -0.1666623536   -0.16891619   -0.1717251001   -0.1750832794   -0.1789835203   -0.1834170794   -0.1883735456   -0.1938406707   -0.1998039461   -0.20624522   -0.2131384877   -0.2204384836   -0.2280531106   -0.2357858026   -0.2432414217   -0.2497444283   -0.2544443759   -0.2567776646   
-0.1730959217   -0.1736402269   -0.1747278139   -0.1763566285   -0.1785235665   -0.1812244382   -0.1844539113   -0.1882054348   -0.192471151   -0.1972417908   -0.2025064914   -0.2082522691   -0.2144623218   -0.221110927   -0.2281494273   -0.2354713129   -0.2428365153   -0.2497444283   -0.2553352927   -0.2586502922   -0.2596433302   
-0.181169504   -0.1816924892   -0.1827374776   -0.1843025075   -0.1863846406   -0.1889799628   -0.1920835799   -0.1956896105   -0.1997911728   -0.204380348   -0.209448026   -0.2149833097   -0.2209715091   -0.227388003   -0.2341807582   -0.241224136   -0.2482101805   -0.2544443759   -0.2586502922   -0.2594363856   -0.2576137645   
-0.1858692042   -0.1863766987   -0.187390784   -0.1889096693   -0.1909307064   -0.1934504314   -0.1964646119   -0.1999682906   -0.2039558119   -0.2084207923   -0.2133559241   -0.2187522633   -0.2245969528   -0.2308662968   -0.2375054898   -0.2443723494   -0.2510952796   -0.2567776646   -0.2596433302   -0.2576137645   -0.2522707112   
