21  21
0.0009114875211   0.0007200038474   0.0005028021169   0.0003428803619   8.334622573e-005   -0.0003573449261   -0.00101036144   -0.001919095472   -0.003140039876   -0.004732556872   -0.006752404669   -0.009248009846   -0.0122579354   -0.01580873237   -0.01991102848   -0.02454905614   -0.02965672646   -0.03506367512   -0.04039113309   -0.04492241364   -0.04761328568   
0.0007200038474   0.0005681866808   0.0004131104256   0.0002706636989   5.240714558e-007   -0.0004555760411   -0.00112546745   -0.002052927703   -0.003294219108   -0.00490802937   -0.006949356454   -0.009465909752   -0.01249562276   -0.01606451959   -0.02018278854   -0.02483429772   -0.02995258796   -0.03536674101   -0.04069727827   -0.04522733953   -0.04791505806   
0.0005028021169   0.0004131104256   0.0003059759134   0.0001400821896   -0.0001692035433   -0.0006598739825   -0.001364093851   -0.002328895302   -0.003610519438   -0.00526640059   -0.00735006392   -0.009907824695   -0.01297639451   -0.01658077632   -0.02073030766   -0.02540814892   -0.030547109   -0.03597516591   -0.04131143058   -0.04583872643   -0.04851998634   
0.0003428803619   0.0002706636989   0.0001400821896   -8.43826166e-005   -0.0004489733922   -0.0009886824908   -0.001743483121   -0.002763620858   -0.004104743395   -0.005822385472   -0.007967958553   -0.01058578789   -0.01371084325   -0.01736667373   -0.02156140678   -0.02627718895   -0.03144575021   -0.03689342147   -0.04223721855   -0.04675956749   -0.0494307757   
8.334622573e-005   5.240714558e-007   -0.0001692035433   -0.0004489733922   -0.0008703916149   -0.001469358559   -0.002289618261   -0.003381970341   -0.004800311735   -0.006597626668   -0.00882267598   -0.01151730656   -0.01471432208   -0.01843546604   -0.0226873642   -0.0274508895   -0.0326563622   -0.03812792857   -0.04347984767   -0.04799416198   -0.05065133181   
-0.0003573449261   -0.0004555760411   -0.0006598739825   -0.0009886824908   -0.001469358559   -0.002137580134   -0.003036944164   -0.004216552635   -0.005727577777   -0.00761991948   -0.009939261133   -0.01272459217   -0.01600622862   -0.01980384568   -0.02412235009   -0.02894112891   -0.03418877501   -0.0396867154   -0.04504582011   -0.04954789362   -0.05218658504   
-0.00101036144   -0.00112546745   -0.001364093851   -0.001743483121   -0.002289618261   -0.003036944164   -0.004027080969   -0.005306290126   -0.006922411476   -0.008921858088   -0.0113469059   -0.01423341016   -0.01760897923   -0.02149104717   -0.02588265791   -0.03076154249   -0.03605425589   -0.04157896991   -0.04694257157   -0.05142694771   -0.05404226681   
-0.001919095472   -0.002052927703   -0.002328895302   -0.002763620858   -0.003381970341   -0.004216552635   -0.005306290126   -0.006694089628   -0.008424093479   -0.0105389358   -0.01307724901   -0.01607157804   -0.01954670211   -0.02351772729   -0.02798575785   -0.03292673142   -0.03826485435   -0.04381450301   -0.04917803948   -0.05363798028   -0.05622464609   
-0.003140039876   -0.003294219108   -0.003610519438   -0.004104743395   -0.004800311735   -0.005727577777   -0.006922411476   -0.008424093479   -0.01027284386   -0.01250733185   -0.01516241282   -0.01826724669   -0.02184375407   -0.02590470281   -0.03044923521   -0.03545137832   -0.04083267104   -0.04640314966   -0.0517601835   -0.05618775481   -0.05874023273   
-0.004732556872   -0.00490802937   -0.00526640059   -0.005822385472   -0.006597626668   -0.00761991948   -0.008921858088   -0.0105389358   -0.01250733185   -0.01486167533   -0.0176330199   -0.02084716367   -0.02452321967   -0.02867166897   -0.03328970652   -0.03834933704   -0.04376909744   -0.04935413937   -0.0546964788   -0.05908275705   -0.06159544715   
-0.006752404669   -0.006949356454   -0.00735006392   -0.007967958553   -0.00882267598   -0.009939261133   -0.0113469059   -0.01307724901   -0.01516241282   -0.0176330199   -0.02051640092   -0.02383510179   -0.02760554355   -0.03183601536   -0.036521797   -0.04163274992   -0.04708405374   -0.0526754431   -0.05799337486   -0.0623287669   -0.06479622659   
-0.009248009846   -0.009465909752   -0.009907824695   -0.01058578789   -0.01151730656   -0.01272459217   -0.01423341016   -0.01607157804   -0.01826724669   -0.02084716367   -0.02383510179   -0.02725053157   -0.03110734356   -0.03541175484   -0.04015716271   -0.04531114478   -0.05078514925   -0.05637300018   -0.06165561226   -0.0659302703   -0.0683474534   
-0.0122579354   -0.01249562276   -0.01297639451   -0.01371084325   -0.01471432208   -0.01600622862   -0.01760897923   -0.01954670211   -0.02184375407   -0.02452321967   -0.02760554355   -0.03110734356   -0.0350401685   -0.03940829143   -0.04420324768   -0.04939016842   -0.05487639517   -0.06044944096   -0.06568501804   -0.06988934551   -0.07225186762   
-0.01580873237   -0.01606451959   -0.01658077632   -0.01736667373   -0.01843546604   -0.01980384568   -0.02149104717   -0.02351772729   -0.02590470281   -0.02867166897   -0.03183601536   -0.03541175484   -0.03940829143   -0.0438280747   -0.04866077937   -0.05386891871   -0.05935540311   -0.06490124055   -0.07007775804   -0.07420307313   -0.07650758355   
-0.01991102848   -0.02018278854   -0.02073030766   -0.02156140678   -0.0226873642   -0.02412235009   -0.02588265791   -0.02798575785   -0.03044923521   -0.03328970652   -0.036521797   -0.04015716271   -0.04420324768   -0.04866077937   -0.05351756361   -0.05873336755   -0.06420652631   -0.06971179153   -0.07481764415   -0.07885723629   -0.08110211448   
-0.02454905614   -0.02483429772   -0.02540814892   -0.02627718895   -0.0274508895   -0.02894112891   -0.03076154249   -0.03292673142   -0.03545137832   -0.03834933704   -0.04163274992   -0.04531114478   -0.04939016842   -0.05386891871   -0.05873336755   -0.06394058888   -0.06938466422   -0.07483523163   -0.07986055943   -0.08381168255   -0.08599850032   
-0.02965672646   -0.02995258796   -0.030547109   -0.03144575021   -0.0326563622   -0.03418877501   -0.03605425589   -0.03826485435   -0.04083267104   -0.04376909744   -0.04708405374   -0.05078514925   -0.05487639517   -0.05935540311   -0.06420652631   -0.06938466422   -0.07478094541   -0.08016265617   -0.08510206308   -0.08896977657   -0.09110615912   
-0.03506367512   -0.03536674101   -0.03597516591   -0.03689342147   -0.03812792857   -0.0396867154   -0.04157896991   -0.04381450301   -0.04640314966   -0.04935413937   -0.0526754431   -0.05637300018   -0.06044944096   -0.06490124055   -0.06971179153   -0.07483523163   -0.08016265617   -0.08546413673   -0.09032189991   -0.094125213   -0.09622919304   
-0.04039113309   -0.04069727827   -0.04131143058   -0.04223721855   -0.04347984767   -0.04504582011   -0.04694257157   -0.04917803948   -0.0517601835   -0.0546964788   -0.05799337486   -0.06165561226   -0.06568501804   -0.07007775804   -0.07481764415   -0.07986055943   -0.08510206308   -0.09032189991   -0.09511849652   -0.09889505519   -0.1009977772   
-0.04492241364   -0.04522733953   -0.04583872643   -0.04675956749   -0.04799416198   -0.04954789362   -0.05142694771   -0.05363798028   -0.05618775481   -0.05908275705   -0.0623287669   -0.0659302703   -0.06988934551   -0.07420307313   -0.07885723629   -0.08381168255   -0.08896977657   -0.094125213   -0.09889505519   -0.1026899812   -0.1048256289   
-0.04761328568   -0.04791505806   -0.04851998634   -0.0494307757   -0.05065133181   -0.05218658504   -0.05404226681   -0.05622464609   -0.05874023273   -0.06159544715   -0.06479622659   -0.0683474534   -0.07225186762   -0.07650758355   -0.08110211448   -0.08599850032   -0.09110615912   -0.09622919304   -0.1009977772   -0.1048256289   -0.1069988719   
